0.24621999263763428d0 -0.2759090065956116d0
0.2405869960784912d0 -0.27489998936653137d0
0.2327370047569275d0 -0.2755590081214905d0
0.24621999263763428d0 -0.27169400453567505d0
0.22921200096607208d0 -0.2759090065956116d0
0.23639699816703796d0 -0.2752879858016968d0
0.23569199442863464d0 -0.27531200647354126d0
0.2405869960784912d0 -0.27489998936653137d0
0.2327370047569275d0 -0.2755590081214905d0
0.24621999263763428d0 -0.27169400453567505d0
0.2405869960784912d0 -0.27489998936653137d0
0.2327370047569275d0 -0.2755590081214905d0
0.24621999263763428d0 -0.27169400453567505d0
0.23596499860286713d0 -0.275301992893219d0
0.2405869960784912d0 -0.27489998936653137d0
0.2405869960784912d0 -0.27489998936653137d0
0.23596499860286713d0 -0.275301992893219d0
0.23596499860286713d0 -0.275301992893219d0
0.2405869960784912d0 -0.27489998936653137d0
0.23596499860286713d0 -0.275301992893219d0
0.2405869960784912d0 -0.27489998936653137d0
0.2405869960784912d0 -0.27489998936653137d0
0.23596499860286713d0 -0.275301992893219d0
0.2405869960784912d0 -0.27489998936653137d0
0.23596499860286713d0 -0.275301992893219d0
0.2402610033750534d0 -0.2749139964580536d0
0.22937700152397156d0 -0.27590399980545044d0
0.23639699816703796d0 -0.2752879858016968d0
0.22937700152397156d0 -0.27590399980545044d0
0.2402610033750534d0 -0.2749139964580536d0
0.2405869960784912d0 -0.27489998936653137d0
0.23596499860286713d0 -0.275301992893219d0
0.2378920018672943d0 -0.2751379907131195d0
0.23596499860286713d0 -0.275301992893219d0
0.23596499860286713d0 -0.275301992893219d0
0.2405869960784912d0 -0.27489998936653137d0
0.23569199442863464d0 -0.27531200647354126d0
0.2378920018672943d0 -0.2751379907131195d0
0.23596499860286713d0 -0.275301992893219d0
0.22921200096607208d0 -0.2759090065956116d0
0.22921200096607208d0 -0.2759090065956116d0
0.22937700152397156d0 -0.27590399980545044d0
0.2402610033750534d0 -0.2749139964580536d0
0.23569199442863464d0 -0.27531200647354126d0
0.23639699816703796d0 -0.2752879858016968d0
0.23596499860286713d0 -0.275301992893219d0
0.2378920018672943d0 -0.2751379907131195d0
0.23596499860286713d0 -0.275301992893219d0
0.2405869960784912d0 -0.27489998936653137d0
0.22921200096607208d0 -0.2759090065956116d0
0.23596499860286713d0 -0.275301992893219d0
0.2405869960784912d0 -0.27489998936653137d0
0.23639699816703796d0 -0.2752879858016968d0
0.23569199442863464d0 -0.27531200647354126d0
0.23569199442863464d0 -0.27531200647354126d0
0.23596499860286713d0 -0.275301992893219d0
0.2378920018672943d0 -0.2751379907131195d0
0.22921200096607208d0 -0.2759090065956116d0
0.22921200096607208d0 -0.2759090065956116d0
0.2405869960784912d0 -0.27489998936653137d0
0.23596499860286713d0 -0.275301992893219d0
0.22937700152397156d0 -0.27590399980545044d0
0.2402610033750534d0 -0.2749139964580536d0
0.2405869960784912d0 -0.27489998936653137d0
0.23596499860286713d0 -0.275301992893219d0
0.23596499860286713d0 -0.275301992893219d0
0.2405869960784912d0 -0.27489998936653137d0
0.2405869960784912d0 -0.27489998936653137d0
0.2327370047569275d0 -0.2755590081214905d0
0.24621999263763428d0 -0.27169400453567505d0
0.23569199442863464d0 -0.27531200647354126d0
0.2405869960784912d0 -0.27489998936653137d0
0.2327370047569275d0 -0.2755590081214905d0
0.24621999263763428d0 -0.27169400453567505d0
0.2405869960784912d0 -0.27489998936653137d0
0.2327370047569275d0 -0.2755590081214905d0
0.24621999263763428d0 -0.27169400453567505d0
0.2405869960784912d0 -0.27489998936653137d0
0.23596499860286713d0 -0.275301992893219d0
0.22937700152397156d0 -0.27590399980545044d0
0.2402610033750534d0 -0.2749139964580536d0
0.23639699816703796d0 -0.2752879858016968d0
0.23596499860286713d0 -0.275301992893219d0
0.2405869960784912d0 -0.27489998936653137d0
0.23596499860286713d0 -0.275301992893219d0
0.2405869960784912d0 -0.27489998936653137d0
0.2378920018672943d0 -0.2751379907131195d0
0.23596499860286713d0 -0.275301992893219d0
0.23596499860286713d0 -0.275301992893219d0
0.2405869960784912d0 -0.27489998936653137d0
0.23639699816703796d0 -0.2752879858016968d0
0.2402610033750534d0 -0.2749139964580536d0
0.22937700152397156d0 -0.27590399980545044d0
0.2378920018672943d0 -0.2751379907131195d0
0.23596499860286713d0 -0.275301992893219d0
0.2405869960784912d0 -0.27489998936653137d0
0.23596499860286713d0 -0.275301992893219d0
0.2405869960784912d0 -0.27489998936653137d0
0.23596499860286713d0 -0.275301992893219d0
0.23639699816703796d0 -0.2752879858016968d0
0.2405869960784912d0 -0.27489998936653137d0
0.23596499860286713d0 -0.275301992893219d0
0.22921200096607208d0 -0.2759090065956116d0
0.22921200096607208d0 -0.2759090065956116d0
0.23569199442863464d0 -0.27531200647354126d0
0.2402610033750534d0 -0.2749139964580536d0
0.22937700152397156d0 -0.27590399980545044d0
0.2405869960784912d0 -0.27489998936653137d0
0.23596499860286713d0 -0.275301992893219d0
0.23596499860286713d0 -0.275301992893219d0
0.2405869960784912d0 -0.27489998936653137d0
0.2378920018672943d0 -0.2751379907131195d0
0.23596499860286713d0 -0.275301992893219d0
0.23596499860286713d0 -0.275301992893219d0
0.2378920018672943d0 -0.2751379907131195d0
0.2405869960784912d0 -0.27489998936653137d0
0.2327370047569275d0 -0.2755590081214905d0
0.24621999263763428d0 -0.27169400453567505d0
0.23569199442863464d0 -0.27531200647354126d0
0.23596499860286713d0 -0.275301992893219d0
0.2405869960784912d0 -0.27489998936653137d0
0.23569199442863464d0 -0.27531200647354126d0
0.23639699816703796d0 -0.2752879858016968d0
0.2405869960784912d0 -0.27489998936653137d0
0.2327370047569275d0 -0.2755590081214905d0
0.24621999263763428d0 -0.27169400453567505d0
0.23596499860286713d0 -0.275301992893219d0
0.2405869960784912d0 -0.27489998936653137d0
0.2405869960784912d0 -0.27489998936653137d0
0.2327370047569275d0 -0.2755590081214905d0
0.24621999263763428d0 -0.27169400453567505d0
0.22921200096607208d0 -0.2759090065956116d0
0.23596499860286713d0 -0.275301992893219d0
0.2405869960784912d0 -0.27489998936653137d0
0.23596499860286713d0 -0.275301992893219d0
0.2405869960784912d0 -0.27489998936653137d0
0.2405869960784912d0 -0.27489998936653137d0
0.23596499860286713d0 -0.275301992893219d0
0.23639699816703796d0 -0.2752879858016968d0
0.22937700152397156d0 -0.27590399980545044d0
0.2402610033750534d0 -0.2749139964580536d0
0.22937700152397156d0 -0.27590399980545044d0
0.2402610033750534d0 -0.2749139964580536d0
0.2378920018672943d0 -0.2751379907131195d0
0.23596499860286713d0 -0.275301992893219d0
0.2378920018672943d0 -0.2751379907131195d0
0.23596499860286713d0 -0.275301992893219d0
0.22937700152397156d0 -0.27590399980545044d0
0.2402610033750534d0 -0.2749139964580536d0
0.23569199442863464d0 -0.27531200647354126d0
0.23639699816703796d0 -0.2752879858016968d0
0.2405869960784912d0 -0.27489998936653137d0
0.2327370047569275d0 -0.2755590081214905d0
0.24621999263763428d0 -0.27169400453567505d0
0.23569199442863464d0 -0.27531200647354126d0
0.23596499860286713d0 -0.275301992893219d0
0.2405869960784912d0 -0.27489998936653137d0
0.23639699816703796d0 -0.2752879858016968d0
0.2405869960784912d0 -0.27489998936653137d0
0.23596499860286713d0 -0.275301992893219d0
0.23596499860286713d0 -0.275301992893219d0
0.2405869960784912d0 -0.27489998936653137d0
0.2405869960784912d0 -0.27489998936653137d0
0.23596499860286713d0 -0.275301992893219d0
0.22921200096607208d0 -0.2759090065956116d0
0.22937700152397156d0 -0.27590399980545044d0
0.2402610033750534d0 -0.2749139964580536d0
0.2405869960784912d0 -0.27489998936653137d0
0.2327370047569275d0 -0.2755590081214905d0
0.24621999263763428d0 -0.27169400453567505d0
0.22921200096607208d0 -0.2759090065956116d0
0.23596499860286713d0 -0.275301992893219d0
0.2378920018672943d0 -0.2751379907131195d0
0.23596499860286713d0 -0.275301992893219d0
0.2405869960784912d0 -0.27489998936653137d0
0.2378920018672943d0 -0.2751379907131195d0
0.23596499860286713d0 -0.275301992893219d0
0.23596499860286713d0 -0.275301992893219d0
0.2405869960784912d0 -0.27489998936653137d0
0.22921200096607208d0 -0.2759090065956116d0
0.23639699816703796d0 -0.2752879858016968d0
0.2405869960784912d0 -0.27489998936653137d0
0.2327370047569275d0 -0.2755590081214905d0
0.24621999263763428d0 -0.27169400453567505d0
0.2402610033750534d0 -0.2749139964580536d0
0.22937700152397156d0 -0.27590399980545044d0
0.23569199442863464d0 -0.27531200647354126d0
0.2405869960784912d0 -0.27489998936653137d0
0.23596499860286713d0 -0.275301992893219d0
0.2405869960784912d0 -0.27489998936653137d0
0.23596499860286713d0 -0.275301992893219d0
0.23596499860286713d0 -0.275301992893219d0
0.2405869960784912d0 -0.27489998936653137d0
0.22921200096607208d0 -0.2759090065956116d0
0.23596499860286713d0 -0.275301992893219d0
0.2405869960784912d0 -0.27489998936653137d0
0.23596499860286713d0 -0.275301992893219d0
0.2405869960784912d0 -0.27489998936653137d0
0.2405869960784912d0 -0.27489998936653137d0
0.2327370047569275d0 -0.2755590081214905d0
0.24621999263763428d0 -0.27169400453567505d0
0.23639699816703796d0 -0.2752879858016968d0
0.2405869960784912d0 -0.27489998936653137d0
0.2327370047569275d0 -0.2755590081214905d0
0.24621999263763428d0 -0.27169400453567505d0
0.2405869960784912d0 -0.27489998936653137d0
0.23596499860286713d0 -0.275301992893219d0
0.22921200096607208d0 -0.2759090065956116d0
0.22921200096607208d0 -0.2759090065956116d0
0.2405869960784912d0 -0.27489998936653137d0
0.23596499860286713d0 -0.275301992893219d0
0.2378920018672943d0 -0.2751379907131195d0
0.23596499860286713d0 -0.275301992893219d0
0.2405869960784912d0 -0.27489998936653137d0
0.2327370047569275d0 -0.2755590081214905d0
0.24621999263763428d0 -0.27169400453567505d0
0.2405869960784912d0 -0.27489998936653137d0
0.23596499860286713d0 -0.275301992893219d0
0.2402610033750534d0 -0.2749139964580536d0
0.22937700152397156d0 -0.27590399980545044d0
0.23639699816703796d0 -0.2752879858016968d0
0.23596499860286713d0 -0.275301992893219d0
0.2405869960784912d0 -0.27489998936653137d0
0.22937700152397156d0 -0.27590399980545044d0
0.2402610033750534d0 -0.2749139964580536d0
0.23596499860286713d0 -0.275301992893219d0
0.2405869960784912d0 -0.27489998936653137d0
0.2405869960784912d0 -0.27489998936653137d0
0.23596499860286713d0 -0.275301992893219d0
0.23569199442863464d0 -0.27531200647354126d0
0.23596499860286713d0 -0.275301992893219d0
0.2378920018672943d0 -0.2751379907131195d0
0.22937700152397156d0 -0.27590399980545044d0
0.2402610033750534d0 -0.2749139964580536d0
0.23569199442863464d0 -0.27531200647354126d0
0.2378920018672943d0 -0.2751379907131195d0
0.23596499860286713d0 -0.275301992893219d0
0.23639699816703796d0 -0.2752879858016968d0
0.23569199442863464d0 -0.27531200647354126d0
0.23596499860286713d0 -0.275301992893219d0
0.2405869960784912d0 -0.27489998936653137d0
0.2405869960784912d0 -0.27489998936653137d0
0.23596499860286713d0 -0.275301992893219d0
0.22921200096607208d0 -0.2759090065956116d0
0.2405869960784912d0 -0.27489998936653137d0
0.23596499860286713d0 -0.275301992893219d0
0.2405869960784912d0 -0.27489998936653137d0
0.2327370047569275d0 -0.2755590081214905d0
0.24621999263763428d0 -0.27169400453567505d0
0.2402610033750534d0 -0.2749139964580536d0
0.22937700152397156d0 -0.27590399980545044d0
0.23596499860286713d0 -0.275301992893219d0
0.2405869960784912d0 -0.27489998936653137d0
0.2378920018672943d0 -0.2751379907131195d0
0.23596499860286713d0 -0.275301992893219d0
0.23596499860286713d0 -0.275301992893219d0
0.2378920018672943d0 -0.2751379907131195d0
0.23596499860286713d0 -0.275301992893219d0
0.2405869960784912d0 -0.27489998936653137d0
0.23569199442863464d0 -0.27531200647354126d0
0.23639699816703796d0 -0.2752879858016968d0
0.2405869960784912d0 -0.27489998936653137d0
0.23596499860286713d0 -0.275301992893219d0
0.23569199442863464d0 -0.27531200647354126d0
0.23596499860286713d0 -0.275301992893219d0
0.2405869960784912d0 -0.27489998936653137d0
0.23569199442863464d0 -0.27531200647354126d0
0.2378920018672943d0 -0.2751379907131195d0
0.23596499860286713d0 -0.275301992893219d0
0.2405869960784912d0 -0.27489998936653137d0
0.23596499860286713d0 -0.275301992893219d0
0.22937700152397156d0 -0.27590399980545044d0
0.2402610033750534d0 -0.2749139964580536d0
0.23596499860286713d0 -0.275301992893219d0
0.2405869960784912d0 -0.27489998936653137d0
0.22921200096607208d0 -0.2759090065956116d0
0.2405869960784912d0 -0.27489998936653137d0
0.2327370047569275d0 -0.2755590081214905d0
0.24621999263763428d0 -0.27169400453567505d0
0.23596499860286713d0 -0.275301992893219d0
0.2405869960784912d0 -0.27489998936653137d0
0.22937700152397156d0 -0.27590399980545044d0
0.2402610033750534d0 -0.2749139964580536d0
0.22921200096607208d0 -0.2759090065956116d0
0.23639699816703796d0 -0.2752879858016968d0
0.2405869960784912d0 -0.27489998936653137d0
0.2327370047569275d0 -0.2755590081214905d0
0.24621999263763428d0 -0.27169400453567505d0
0.23639699816703796d0 -0.2752879858016968d0
0.2405869960784912d0 -0.27489998936653137d0
0.2327370047569275d0 -0.2755590081214905d0
0.24621999263763428d0 -0.27169400453567505d0
0.23639699816703796d0 -0.2752879858016968d0
0.23569199442863464d0 -0.27531200647354126d0
0.2405869960784912d0 -0.27489998936653137d0
0.23596499860286713d0 -0.275301992893219d0
0.23596499860286713d0 -0.275301992893219d0
0.2405869960784912d0 -0.27489998936653137d0
0.23596499860286713d0 -0.275301992893219d0
0.2405869960784912d0 -0.27489998936653137d0
0.23596499860286713d0 -0.275301992893219d0
0.2405869960784912d0 -0.27489998936653137d0
0.2378920018672943d0 -0.2751379907131195d0
0.23596499860286713d0 -0.275301992893219d0
0.22921200096607208d0 -0.2759090065956116d0
0.22921200096607208d0 -0.2759090065956116d0
0.23596499860286713d0 -0.275301992893219d0
0.2405869960784912d0 -0.27489998936653137d0
0.23596499860286713d0 -0.275301992893219d0
0.2405869960784912d0 -0.27489998936653137d0
0.2405869960784912d0 -0.27489998936653137d0
0.2327370047569275d0 -0.2755590081214905d0
0.24621999263763428d0 -0.27169400453567505d0
0.23639699816703796d0 -0.2752879858016968d0
0.2402610033750534d0 -0.2749139964580536d0
0.22937700152397156d0 -0.27590399980545044d0
0.23596499860286713d0 -0.275301992893219d0
0.2378920018672943d0 -0.2751379907131195d0
0.2405869960784912d0 -0.27489998936653137d0
0.2327370047569275d0 -0.2755590081214905d0
0.24621999263763428d0 -0.27169400453567505d0
0.2405869960784912d0 -0.27489998936653137d0
0.23596499860286713d0 -0.275301992893219d0
0.23569199442863464d0 -0.27531200647354126d0
0.2405869960784912d0 -0.27489998936653137d0
0.23596499860286713d0 -0.275301992893219d0
0.23569199442863464d0 -0.27531200647354126d0
0.22937700152397156d0 -0.27590399980545044d0
0.2402610033750534d0 -0.2749139964580536d0
0.22921200096607208d0 -0.2759090065956116d0
0.22937700152397156d0 -0.27590399980545044d0
0.2402610033750534d0 -0.2749139964580536d0
0.2378920018672943d0 -0.2751379907131195d0
0.23596499860286713d0 -0.275301992893219d0
0.23639699816703796d0 -0.2752879858016968d0
0.2405869960784912d0 -0.27489998936653137d0
0.23596499860286713d0 -0.275301992893219d0
0.23639699816703796d0 -0.2752879858016968d0
0.2405869960784912d0 -0.27489998936653137d0
0.23596499860286713d0 -0.275301992893219d0
0.23569199442863464d0 -0.27531200647354126d0
0.2405869960784912d0 -0.27489998936653137d0
0.23596499860286713d0 -0.275301992893219d0
0.2378920018672943d0 -0.2751379907131195d0
0.23596499860286713d0 -0.275301992893219d0
0.22921200096607208d0 -0.2759090065956116d0
0.22937700152397156d0 -0.27590399980545044d0
0.2402610033750534d0 -0.2749139964580536d0
0.23639699816703796d0 -0.2752879858016968d0
0.2405869960784912d0 -0.27489998936653137d0
0.23596499860286713d0 -0.275301992893219d0
0.2405869960784912d0 -0.27489998936653137d0
0.2327370047569275d0 -0.2755590081214905d0
0.24621999263763428d0 -0.27169400453567505d0
0.23596499860286713d0 -0.275301992893219d0
0.2378920018672943d0 -0.2751379907131195d0
0.23569199442863464d0 -0.27531200647354126d0
0.23596499860286713d0 -0.275301992893219d0
0.2405869960784912d0 -0.27489998936653137d0
0.23596499860286713d0 -0.275301992893219d0
0.2405869960784912d0 -0.27489998936653137d0
0.23639699816703796d0 -0.2752879858016968d0
0.2405869960784912d0 -0.27489998936653137d0
0.2327370047569275d0 -0.2755590081214905d0
0.24621999263763428d0 -0.27169400453567505d0
0.22921200096607208d0 -0.2759090065956116d0
0.22921200096607208d0 -0.2759090065956116d0
0.22937700152397156d0 -0.27590399980545044d0
0.2402610033750534d0 -0.2749139964580536d0
0.23596499860286713d0 -0.275301992893219d0
0.2405869960784912d0 -0.27489998936653137d0
0.23569199442863464d0 -0.27531200647354126d0
0.2402610033750534d0 -0.2749139964580536d0
0.22937700152397156d0 -0.27590399980545044d0
0.23596499860286713d0 -0.275301992893219d0
0.2405869960784912d0 -0.27489998936653137d0
0.2405869960784912d0 -0.27489998936653137d0
0.23596499860286713d0 -0.275301992893219d0
0.2378920018672943d0 -0.2751379907131195d0
0.23596499860286713d0 -0.275301992893219d0
0.2405869960784912d0 -0.27489998936653137d0
0.2327370047569275d0 -0.2755590081214905d0
0.24621999263763428d0 -0.27169400453567505d0
0.23596499860286713d0 -0.275301992893219d0
0.2405869960784912d0 -0.27489998936653137d0
0.23596499860286713d0 -0.275301992893219d0
0.2405869960784912d0 -0.27489998936653137d0
0.22921200096607208d0 -0.2759090065956116d0
0.2405869960784912d0 -0.27489998936653137d0
0.2327370047569275d0 -0.2755590081214905d0
0.24621999263763428d0 -0.27169400453567505d0
0.2405869960784912d0 -0.27489998936653137d0
0.23596499860286713d0 -0.275301992893219d0
0.23596499860286713d0 -0.275301992893219d0
0.2378920018672943d0 -0.2751379907131195d0
0.22937700152397156d0 -0.27590399980545044d0
0.2402610033750534d0 -0.2749139964580536d0
0.2405869960784912d0 -0.27489998936653137d0
0.23596499860286713d0 -0.275301992893219d0
0.2402610033750534d0 -0.2749139964580536d0
0.22937700152397156d0 -0.27590399980545044d0
0.2405869960784912d0 -0.27489998936653137d0
0.23596499860286713d0 -0.275301992893219d0
0.22937700152397156d0 -0.27590399980545044d0
0.2402610033750534d0 -0.2749139964580536d0
0.23569199442863464d0 -0.27531200647354126d0
0.22921200096607208d0 -0.2759090065956116d0
0.23639699816703796d0 -0.2752879858016968d0
0.23596499860286713d0 -0.275301992893219d0
0.2405869960784912d0 -0.27489998936653137d0
0.22921200096607208d0 -0.2759090065956116d0
0.23569199442863464d0 -0.27531200647354126d0
0.2405869960784912d0 -0.27489998936653137d0
0.2327370047569275d0 -0.2755590081214905d0
0.24621999263763428d0 -0.27169400453567505d0
0.23639699816703796d0 -0.2752879858016968d0
0.23639699816703796d0 -0.2752879858016968d0
0.2378920018672943d0 -0.2751379907131195d0
0.23596499860286713d0 -0.275301992893219d0
0.2378920018672943d0 -0.2751379907131195d0
0.23596499860286713d0 -0.275301992893219d0
0.23569199442863464d0 -0.27531200647354126d0
0.23596499860286713d0 -0.275301992893219d0
0.2405869960784912d0 -0.27489998936653137d0
0.2405869960784912d0 -0.27489998936653137d0
0.2327370047569275d0 -0.2755590081214905d0
0.24621999263763428d0 -0.27169400453567505d0
0.23596499860286713d0 -0.275301992893219d0
0.2405869960784912d0 -0.27489998936653137d0
0.23596499860286713d0 -0.275301992893219d0
0.2405869960784912d0 -0.27489998936653137d0
0.2405869960784912d0 -0.27489998936653137d0
0.23596499860286713d0 -0.275301992893219d0
0.2405869960784912d0 -0.27489998936653137d0
0.23596499860286713d0 -0.275301992893219d0
0.23596499860286713d0 -0.275301992893219d0
0.2378920018672943d0 -0.2751379907131195d0
0.23569199442863464d0 -0.27531200647354126d0
0.23596499860286713d0 -0.275301992893219d0
0.2405869960784912d0 -0.27489998936653137d0
0.23639699816703796d0 -0.2752879858016968d0
0.2405869960784912d0 -0.27489998936653137d0
0.23596499860286713d0 -0.275301992893219d0
0.2405869960784912d0 -0.27489998936653137d0
0.23596499860286713d0 -0.275301992893219d0
0.2405869960784912d0 -0.27489998936653137d0
0.23596499860286713d0 -0.275301992893219d0
0.2378920018672943d0 -0.2751379907131195d0
0.23596499860286713d0 -0.275301992893219d0
0.22937700152397156d0 -0.27590399980545044d0
0.2402610033750534d0 -0.2749139964580536d0
0.22921200096607208d0 -0.2759090065956116d0
0.2378920018672943d0 -0.2751379907131195d0
0.23596499860286713d0 -0.275301992893219d0
0.2405869960784912d0 -0.27489998936653137d0
0.2327370047569275d0 -0.2755590081214905d0
0.24621999263763428d0 -0.27169400453567505d0
0.22921200096607208d0 -0.2759090065956116d0
0.23569199442863464d0 -0.27531200647354126d0
0.2405869960784912d0 -0.27489998936653137d0
0.2327370047569275d0 -0.2755590081214905d0
0.24621999263763428d0 -0.27169400453567505d0
0.22921200096607208d0 -0.2759090065956116d0
0.2402610033750534d0 -0.2749139964580536d0
0.22937700152397156d0 -0.27590399980545044d0
0.23639699816703796d0 -0.2752879858016968d0
0.23596499860286713d0 -0.275301992893219d0
0.2405869960784912d0 -0.27489998936653137d0
0.2405869960784912d0 -0.27489998936653137d0
0.2327370047569275d0 -0.2755590081214905d0
0.24621999263763428d0 -0.27169400453567505d0
0.23596499860286713d0 -0.275301992893219d0
0.2405869960784912d0 -0.27489998936653137d0
0.23596499860286713d0 -0.275301992893219d0
0.2405869960784912d0 -0.27489998936653137d0
0.23639699816703796d0 -0.2752879858016968d0
0.23596499860286713d0 -0.275301992893219d0
0.2405869960784912d0 -0.27489998936653137d0
0.22937700152397156d0 -0.27590399980545044d0
0.2402610033750534d0 -0.2749139964580536d0
0.23569199442863464d0 -0.27531200647354126d0
0.2378920018672943d0 -0.2751379907131195d0
0.23596499860286713d0 -0.275301992893219d0
0.23596499860286713d0 -0.275301992893219d0
0.2405869960784912d0 -0.27489998936653137d0
0.23596499860286713d0 -0.275301992893219d0
0.2378920018672943d0 -0.2751379907131195d0
0.2405869960784912d0 -0.27489998936653137d0
0.23596499860286713d0 -0.275301992893219d0
0.22937700152397156d0 -0.27590399980545044d0
0.2402610033750534d0 -0.2749139964580536d0
0.23569199442863464d0 -0.27531200647354126d0
0.22921200096607208d0 -0.2759090065956116d0
0.23639699816703796d0 -0.2752879858016968d0
0.2405869960784912d0 -0.27489998936653137d0
0.23596499860286713d0 -0.275301992893219d0
0.2405869960784912d0 -0.27489998936653137d0
0.2327370047569275d0 -0.2755590081214905d0
0.24621999263763428d0 -0.27169400453567505d0
0.2405869960784912d0 -0.27489998936653137d0
0.23596499860286713d0 -0.275301992893219d0
0.2402610033750534d0 -0.2749139964580536d0
0.22937700152397156d0 -0.27590399980545044d0
0.2405869960784912d0 -0.27489998936653137d0
0.23596499860286713d0 -0.275301992893219d0
0.2378920018672943d0 -0.2751379907131195d0
0.23596499860286713d0 -0.275301992893219d0
0.22937700152397156d0 -0.27590399980545044d0
0.2402610033750534d0 -0.2749139964580536d0
0.23596499860286713d0 -0.275301992893219d0
0.2405869960784912d0 -0.27489998936653137d0
0.23596499860286713d0 -0.275301992893219d0
0.2405869960784912d0 -0.27489998936653137d0
0.2405869960784912d0 -0.27489998936653137d0
0.2327370047569275d0 -0.2755590081214905d0
0.24621999263763428d0 -0.27169400453567505d0
0.23639699816703796d0 -0.2752879858016968d0
0.23639699816703796d0 -0.2752879858016968d0
0.23569199442863464d0 -0.27531200647354126d0
0.22921200096607208d0 -0.2759090065956116d0
0.23596499860286713d0 -0.275301992893219d0
0.2405869960784912d0 -0.27489998936653137d0
0.23569199442863464d0 -0.27531200647354126d0
0.22921200096607208d0 -0.2759090065956116d0
0.23596499860286713d0 -0.275301992893219d0
0.2405869960784912d0 -0.27489998936653137d0
0.2405869960784912d0 -0.27489998936653137d0
0.2327370047569275d0 -0.2755590081214905d0
0.24621999263763428d0 -0.27169400453567505d0
0.22937700152397156d0 -0.27590399980545044d0
0.2402610033750534d0 -0.2749139964580536d0
0.2405869960784912d0 -0.27489998936653137d0
0.2327370047569275d0 -0.2755590081214905d0
0.24621999263763428d0 -0.27169400453567505d0
0.22937700152397156d0 -0.27590399980545044d0
0.2402610033750534d0 -0.2749139964580536d0
0.23596499860286713d0 -0.275301992893219d0
0.2405869960784912d0 -0.27489998936653137d0
0.2405869960784912d0 -0.27489998936653137d0
0.2327370047569275d0 -0.2755590081214905d0
0.24621999263763428d0 -0.27169400453567505d0
0.22921200096607208d0 -0.2759090065956116d0
0.2402610033750534d0 -0.2749139964580536d0
0.22937700152397156d0 -0.27590399980545044d0
0.23596499860286713d0 -0.275301992893219d0
0.2405869960784912d0 -0.27489998936653137d0
0.23596499860286713d0 -0.275301992893219d0
0.2405869960784912d0 -0.27489998936653137d0
0.23639699816703796d0 -0.2752879858016968d0
0.2378920018672943d0 -0.2751379907131195d0
0.23596499860286713d0 -0.275301992893219d0
0.2405869960784912d0 -0.27489998936653137d0
0.23596499860286713d0 -0.275301992893219d0
0.23596499860286713d0 -0.275301992893219d0
0.2405869960784912d0 -0.27489998936653137d0
0.2405869960784912d0 -0.27489998936653137d0
0.23596499860286713d0 -0.275301992893219d0
0.2405869960784912d0 -0.27489998936653137d0
0.2327370047569275d0 -0.2755590081214905d0
0.24621999263763428d0 -0.27169400453567505d0
0.22921200096607208d0 -0.2759090065956116d0
0.23569199442863464d0 -0.27531200647354126d0
0.22921200096607208d0 -0.2759090065956116d0
0.23639699816703796d0 -0.2752879858016968d0
0.2405869960784912d0 -0.27489998936653137d0
0.23596499860286713d0 -0.275301992893219d0
0.2405869960784912d0 -0.27489998936653137d0
0.23596499860286713d0 -0.275301992893219d0
0.23569199442863464d0 -0.27531200647354126d0
0.23639699816703796d0 -0.2752879858016968d0
0.23596499860286713d0 -0.275301992893219d0
0.2378920018672943d0 -0.2751379907131195d0
0.2378920018672943d0 -0.2751379907131195d0
0.23596499860286713d0 -0.275301992893219d0
0.23569199442863464d0 -0.27531200647354126d0
0.23596499860286713d0 -0.275301992893219d0
0.2405869960784912d0 -0.27489998936653137d0
